<?xml version="1.0"?>
<opencv_storage>
<Char_classify type_id="opencv-matrix">
  <rows>218</rows>
  <cols>1</cols>
  <dt>i</dt>
  <data>
    90 84 82 80 77 70 69 68 66 65 89 88 87 86 85 83 81 79 78 76 75 74 73
    72 71 67 57 56 55 54 53 51 50 48 52 49 82 80 77 68 66 65 90 89 88 87
    86 85 84 83 81 79 78 76 75 74 73 72 71 70 69 67 52 49 57 56 55 54 53
    51 50 48 90 89 88 87 86 85 84 83 82 81 80 79 78 77 76 75 74 73 72 71
    70 69 68 67 66 65 57 56 55 54 53 52 51 50 49 48 90 89 88 87 86 85 84
    82 80 78 77 76 75 74 73 72 70 69 68 66 65 83 81 79 71 67 55 51 50 49
    57 56 54 53 52 48 82 80 77 68 66 65 90 89 88 87 86 85 84 83 81 79 78
    76 75 74 73 72 71 70 69 67 55 53 52 57 56 54 51 50 49 48 53 56 57 52
    80 48 50 65 75 54 51 53 55 70 68 51 72 77 56 54 54 55 87 67 50 48 72
    77 51 54 48 52 48 72 52 78 84 83</data></Char_classify>
</opencv_storage>
